ID,Name,Age
1,Alice,20
2,Bob,21
3,Charlie,22
4,David,20
5,Eve,21
6,Frank,23
7,Grace,22
8,Hank,20
